====================================================
******************* SCALE SIM **********************
====================================================
Array Size: 	8x8
SRAM IFMAP (kB): 	256
SRAM Filter (kB): 	256
SRAM OFMAP (kB): 	256
Dataflow: 	Weight Stationary
CSV file path: 	topologies/sparsity/conv.csv
Bandwidth: 	50
Working in USE USER BANDWIDTH mode.
====================================================

Running Layer 0
filter matrix start
[[100 132 164 196 228 260]
 [101 133 165 197 229 261]
 [102 134 166 198 230 262]
 [103 135 167 199 231 263]
 [104 136 168 200 232 264]
 [105 137 169 201 233 265]
 [106 138 170 202 234 266]
 [107 139 171 203 235 267]
 [108 140 172 204 236 268]
 [109 141 173 205 237 269]
 [110 142 174 206 238 270]
 [111 143 175 207 239 271]
 [112 144 176 208 240 272]
 [113 145 177 209 241 273]
 [114 146 178 210 242 274]
 [115 147 179 211 243 275]
 [116 148 180 212 244 276]
 [117 149 181 213 245 277]
 [118 150 182 214 246 278]
 [119 151 183 215 247 279]
 [120 152 184 216 248 280]
 [121 153 185 217 249 281]
 [122 154 186 218 250 282]
 [123 155 187 219 251 283]
 [124 156 188 220 252 284]
 [125 157 189 221 253 285]
 [126 158 190 222 254 286]
 [127 159 191 223 255 287]
 [128 160 192 224 256 288]
 [129 161 193 225 257 289]
 [130 162 194 226 258 290]
 [131 163 195 227 259 291]]
(32, 6)
filter matrix after multiplying
[[100 132 164 196 228 260]
 [101 133 165 197 229   0]
 [  0 134   0   0 230   0]
 [  0   0   0   0 231   0]
 [  0   0   0   0   0   0]
 [  0   0   0   0   0   0]
 [  0   0   0   0   0   0]
 [  0   0   0   0   0   0]
 [108 140 172 204 236 268]
 [109 141 173 205 237   0]
 [  0 142   0   0 238   0]
 [  0   0   0   0 239   0]
 [  0   0   0   0   0   0]
 [  0   0   0   0   0   0]
 [  0   0   0   0   0   0]
 [  0   0   0   0   0   0]
 [116 148 180 212 244 276]
 [117 149 181 213 245   0]
 [  0 150   0   0 246   0]
 [  0   0   0   0 247   0]
 [  0   0   0   0   0   0]
 [  0   0   0   0   0   0]
 [  0   0   0   0   0   0]
 [  0   0   0   0   0   0]
 [124 156 188 220 252 284]
 [125 157 189 221 253   0]
 [  0 158   0   0 254   0]
 [  0   0   0   0 255   0]
 [  0   0   0   0   0   0]
 [  0   0   0   0   0   0]
 [  0   0   0   0   0   0]
 [  0   0   0   0   0   0]]
[[100 132 164 196 228 260]
 [101 133 165 197 229  -1]
 [ -1 134  -1  -1 230  -1]
 [ -1  -1  -1  -1 231  -1]
 [108 140 172 204 236 268]
 [109 141 173 205 237  -1]
 [ -1 142  -1  -1 238  -1]
 [ -1  -1  -1  -1 239  -1]
 [116 148 180 212 244 276]
 [117 149 181 213 245  -1]
 [ -1 150  -1  -1 246  -1]
 [ -1  -1  -1  -1 247  -1]
 [124 156 188 220 252 284]
 [125 157 189 221 253  -1]
 [ -1 158  -1  -1 254  -1]
 [ -1  -1  -1  -1 255  -1]]
(16, 6)
IFMAP function
[[ 0  1  2  3  4  5  6  7 10 11 12 13 14 15 16 17 20 21 22 23 24 25 26 27
  30 31 32 33 34 35 36 37]
 [ 2  3  4  5  6  7  8  9 12 13 14 15 16 17 18 19 22 23 24 25 26 27 28 29
  32 33 34 35 36 37 38 39]
 [10 11 12 13 14 15 16 17 20 21 22 23 24 25 26 27 30 31 32 33 34 35 36 37
  40 41 42 43 44 45 46 47]
 [12 13 14 15 16 17 18 19 22 23 24 25 26 27 28 29 32 33 34 35 36 37 38 39
  42 43 44 45 46 47 48 49]]
(4, 32)
[[ 0  1 10 11 20 21 30 31]
 [ 2  3 12 13 22 23 32 33]
 [10 11 20 21 30 31 40 41]
 [12 13 22 23 32 33 42 43]]
(4, 8)
