====================================================
******************* SCALE SIM **********************
====================================================
Array Size: 	8x8
SRAM IFMAP (kB): 	256
SRAM Filter (kB): 	256
SRAM OFMAP (kB): 	256
Dataflow: 	Weight Stationary
CSV file path: 	topologies/sparsity/conv.csv
Bandwidth: 	50
Working in USE USER BANDWIDTH mode.
====================================================

Running Layer 0
filter matrix start
[[100 132 164 196 228 260]
 [101 133 165 197 229 261]
 [102 134 166 198 230 262]
 [103 135 167 199 231 263]
 [104 136 168 200 232 264]
 [105 137 169 201 233 265]
 [106 138 170 202 234 266]
 [107 139 171 203 235 267]
 [108 140 172 204 236 268]
 [109 141 173 205 237 269]
 [110 142 174 206 238 270]
 [111 143 175 207 239 271]
 [112 144 176 208 240 272]
 [113 145 177 209 241 273]
 [114 146 178 210 242 274]
 [115 147 179 211 243 275]
 [116 148 180 212 244 276]
 [117 149 181 213 245 277]
 [118 150 182 214 246 278]
 [119 151 183 215 247 279]
 [120 152 184 216 248 280]
 [121 153 185 217 249 281]
 [122 154 186 218 250 282]
 [123 155 187 219 251 283]
 [124 156 188 220 252 284]
 [125 157 189 221 253 285]
 [126 158 190 222 254 286]
 [127 159 191 223 255 287]
 [128 160 192 224 256 288]
 [129 161 193 225 257 289]
 [130 162 194 226 258 290]
 [131 163 195 227 259 291]]
(32, 6)
filter matrix after multiplying
[[100 132 164 196 228 260]
 [101 133 165   0   0 261]
 [102 134 166   0   0 262]
 [103   0 167   0   0   0]
 [  0   0   0   0   0   0]
 [  0   0   0   0   0   0]
 [  0   0   0   0   0   0]
 [  0   0   0   0   0   0]
 [108 140 172 204 236 268]
 [109 141 173   0   0 269]
 [110 142 174   0   0 270]
 [111   0 175   0   0   0]
 [  0   0   0   0   0   0]
 [  0   0   0   0   0   0]
 [  0   0   0   0   0   0]
 [  0   0   0   0   0   0]
 [116 148 180 212 244 276]
 [117 149 181   0   0 277]
 [118 150 182   0   0 278]
 [119   0 183   0   0   0]
 [  0   0   0   0   0   0]
 [  0   0   0   0   0   0]
 [  0   0   0   0   0   0]
 [  0   0   0   0   0   0]
 [124 156 188 220 252 284]
 [125 157 189   0   0 285]
 [126 158 190   0   0 286]
 [127   0 191   0   0   0]
 [  0   0   0   0   0   0]
 [  0   0   0   0   0   0]
 [  0   0   0   0   0   0]
 [  0   0   0   0   0   0]]
[[100 132 164 196 228 260]
 [101 133 165  -1  -1 261]
 [102 134 166  -1  -1 262]
 [103  -1 167  -1  -1  -1]
 [108 140 172 204 236 268]
 [109 141 173  -1  -1 269]
 [110 142 174  -1  -1 270]
 [111  -1 175  -1  -1  -1]
 [116 148 180 212 244 276]
 [117 149 181  -1  -1 277]
 [118 150 182  -1  -1 278]
 [119  -1 183  -1  -1  -1]
 [124 156 188 220 252 284]
 [125 157 189  -1  -1 285]
 [126 158 190  -1  -1 286]
 [127  -1 191  -1  -1  -1]]
(16, 6)
IFMAP function
[[ 0  1  2  3  4  5  6  7 10 11 12 13 14 15 16 17 20 21 22 23 24 25 26 27
  30 31 32 33 34 35 36 37]
 [ 2  3  4  5  6  7  8  9 12 13 14 15 16 17 18 19 22 23 24 25 26 27 28 29
  32 33 34 35 36 37 38 39]
 [10 11 12 13 14 15 16 17 20 21 22 23 24 25 26 27 30 31 32 33 34 35 36 37
  40 41 42 43 44 45 46 47]
 [12 13 14 15 16 17 18 19 22 23 24 25 26 27 28 29 32 33 34 35 36 37 38 39
  42 43 44 45 46 47 48 49]]
(4, 32)
[[ 0  1  2  3 10 11 12 13 20 21 22 23 30 31 32 33]
 [ 2  3  4  5 12 13 14 15 22 23 24 25 32 33 34 35]
 [10 11 12 13 20 21 22 23 30 31 32 33 40 41 42 43]
 [12 13 14 15 22 23 24 25 32 33 34 35 42 43 44 45]]
(4, 16)
Compute cycles: 51
Stall cycles: 0
Overall utilization: 23.53%
Mapping efficiency: 50.00%
Average IFMAP SRAM BW: 1.673 words/cycle
Average Filter SRAM BW: 1.882 words/cycle
Average Filter Metadata SRAM BW: 0.118 words/cycle
Average OFMAP SRAM BW: 0.941 words/cycle
Average IFMAP DRAM BW: 50.000 words/cycle
Average Filter DRAM BW: 50.000 words/cycle
Average OFMAP DRAM BW: 48.000 words/cycle
************ SCALE SIM Run Complete ****************
